1015 6 0.04139
1014 0 0.0
1013 4 0.016731
1012 4 0.200657
1011 4 0.138591
1010 1 0.167468
1009 4 0.242588
1008 2 0.250338
1007 6 0.295727
1006 0 0.366455
1005 0 0.435008
1004 6 0.57834
1003 2 0.433501
1002 1 0.282599
1001 0 0.786469
0915 1 0.014213
0914 1 0.0
0913 0 0.0
0912 1 0.015759
0911 6 0.149465
0910 4 0.237618
0909 0 0.011042
0908 4 0.326298
0907 0 0.2407
0906 2 0.370157
0905 4 0.439402
0904 0 0.5668
0903 1 0.181473
0902 4 0.743682
0901 4 0.794413
0815 4 0.024618
0814 0 0.0
0813 1 0.0
0812 1 0.04147
0811 1 0.017889
0810 0 0.086368
0809 2 0.011154
0808 6 0.342989
0807 4 0.243131
0806 4 0.41947
0805 2 0.292625
0804 6 0.572525
0803 2 0.477562
0802 0 0.747281
0801 0 0.776531
0715 6 0.0
0714 0 0.0
0713 6 0.0
0712 1 0.109131
0711 6 0.047076
0710 1 0.087241
0709 2 0.055769
0708 2 0.078271
0707 0 0.0
0706 1 0.330681
0705 1 0.395949
0704 1 0.450508
0703 1 0.426871
0702 4 0.754829
0701 4 0.784375
0615 2 0.039451
0614 4 0.057575
0613 0 0.078113
0612 4 0.033954
0611 6 0.181885
0610 1 0.05918
0609 2 0.145401
0608 6 0.223076
0607 4 0.313085
0606 6 0.457421
0605 6 0.551135
0604 6 0.560531
0603 4 0.750846
0602 6 0.578078
0601 6 0.596588
0515 6 0.0
0514 0 0.124895
0513 6 0.078902
0512 4 0.061701
0511 2 0.0
0510 0 0.09492
0509 1 0.0
0508 1 0.039031
0507 4 0.290802
0506 0 0.340582
0505 0 0.363949
0504 1 0.210614
0503 2 0.557037
0502 6 0.561569
0501 2 0.93175
0415 0 0.0
0414 4 0.126156
0413 2 0.0
0412 2 0.126156
0411 0 0.0
0410 1 0.095879
0409 0 0.0
0408 2 0.102713
0407 2 0.263006
0406 4 0.344022
0405 2 0.367625
0404 4 0.554248
0403 2 0.51331
0402 1 0.231382
0401 2 0.90875
0315 4 0.0
0314 4 0.0
0313 4 0.0
0312 2 0.0
0311 4 0.0
0310 6 0.252312
0309 1 0.0
0308 2 0.213125
0307 4 0.358312
0306 1 0.120175
0305 2 0.382687
0304 1 0.3432
0303 6 0.582175
0302 2 0.6089
0301 4 0.79375
0215 0 0.0
0214 4 0.0
0213 2 0.0
0212 4 0.0
0211 0 0.0
0210 0 0.0
0209 0 0.0
0208 4 0.275
0207 2 0.0
0206 4 0.31625
0205 0 0.0
0204 6 0.5775
0203 0 0.6435
0202 0 0.5445
0201 2 0.75
0115 4 0.0
0114 2 0.0
0113 4 0.0
0112 0 0.0
0111 0 0.0
0110 0 0.0
0109 4 0.0
0108 0 0.0
0107 2 0.0
0106 2 0.0
0105 0 0.0
0104 6 0.55
0103 4 0.65
0102 6 0.55
0101 0 0.0
