1015
1014
1013
1012
1011
1010
1009
1008
1007
1006
1005
1004
1003
1002
1001
0915
0914
0913
0912
0911
0910
0909
0908
0907
0906
0905
0904
0903
0902
0901
0815
0814
0813
0812
0811
0810
0809
0808
0807
0806
0805
0804
0803
0802
0801
0715
0714
0713
0712
0711
0710
0709
0708
0707
0706
0705
0704
0703
0702
0701
0615
0614
0613
0612
0611
0610
0609
0608
0607
0606
0605
0604
0603
0602
0601
0515
0514
0513
0512
0511
0510
0509
0508
0507
0506
0505
0504
0503
0502
0501
0415
0414
0413
0412
0411
0410
0409
0408
0407
0406
0405
0404
0403
0402
0401
0315
0314
0313
0312
0311
0310
0309
0308
0307
0306
0305
0304
0303
0302
0301
0215
0214
0213
0212
0211
0210
0209
0208
0207
0206
0205
0204
0203
0202
0201
0115
0114
0113
0112
0111
0110
0109
0108
0107
0106
0105
0104
0103
0102
0101
