0.04139 4
0.0 0
0.016731 3
0.200657 3
0.138591 3
0.167468 1
0.242588 3
0.250338 2
0.295727 4
0.366455 0
0.435008 0
0.57834 4
0.433501 2
0.282599 1
0.786469 0
0.014213 1
0.0 1
0.0 0
0.015759 1
0.149465 4
0.237618 3
0.011042 0
0.326298 3
0.2407 0
0.370157 2
0.439402 3
0.5668 0
0.181473 1
0.743682 3
0.794413 3
0.024618 3
0.0 0
0.0 1
0.04147 1
0.017889 1
0.086368 0
0.011154 2
0.342989 4
0.243131 3
0.41947 3
0.292625 2
0.572525 4
0.477562 2
0.747281 0
0.776531 0
0.0 4
0.0 0
0.0 4
0.109131 1
0.047076 4
0.087241 1
0.055769 2
0.078271 2
0.0 0
0.330681 1
0.395949 1
0.450508 1
0.426871 1
0.754829 3
0.784375 3
0.039451 2
0.057575 3
0.078113 0
0.033954 3
0.181885 4
0.05918 1
0.145401 2
0.223076 4
0.313085 3
0.457421 4
0.551135 4
0.560531 4
0.750846 3
0.578078 4
0.596588 4
0.0 4
0.124895 0
0.078902 4
0.061701 3
0.0 2
0.09492 0
0.0 1
0.039031 1
0.290802 3
0.340582 0
0.363949 0
0.210614 1
0.557037 2
0.561569 4
0.93175 2
0.0 0
0.126156 3
0.0 2
0.126156 2
0.0 0
0.095879 1
0.0 0
0.102713 2
0.263006 2
0.344022 3
0.367625 2
0.554248 3
0.51331 2
0.231382 1
0.90875 2
0.0 3
0.0 3
0.0 3
0.0 2
0.0 3
0.252312 4
0.0 1
0.213125 2
0.358312 3
0.120175 1
0.382687 2
0.3432 1
0.582175 4
0.6089 2
0.79375 3
0.0 0
0.0 3
0.0 2
0.0 3
0.0 0
0.0 0
0.0 0
0.275 3
0.0 2
0.31625 3
0.0 0
0.5775 4
0.6435 0
0.5445 0
0.75 2
0.0 3
0.0 2
0.0 3
0.0 0
0.0 0
0.0 0
0.0 3
0.0 0
0.0 2
0.0 2
0.0 0
0.55 4
0.65 3
0.55 4
0.0 0
0.0 4
0.0 3
0.0 3
0.0 4
0.0 1
0.0 3
0.170594 0
0.124453 0
0.138809 0
0.0 1
0.293061 0
0.0 4
0.0 1
0.0 3
0.0 1
0.0 0
0.003036 0
0.0 4
0.0 3
0.0 3
0.0 1
0.128621 0
0.091174 0
0.0 1
0.0 2
0.214697 0
0.0 3
0.0 1
0.0 1
0.0 4
0.0 0
0.008097 0
0.0 3
0.0 2
0.0 3
0.0 2
0.0 4
0.0 3
0.0 3
0.148481 0
0.0 3
0.160077 0
0.0 4
0.0 2
0.0 3
0.0 4
0.021591 0
0.0 2
0.0 3
0.0 3
0.0 1
0.0 3
0.0 4
0.0 3
0.0 3
0.0 1
0.0 1
0.0 1
0.0 3
0.0 2
0.0 2
0.0 4
0.0 3
0.0 1
0.0 2
0.0 3
0.0 1
0.0 4
0.0 2
0.0 2
0.156921 0
0.0 1
0.210588 0
0.0 4
0.375 0
0.0 3
0.0 2
0.047309 0
0.0 0
0.0 1
0.0 1
0.038517 0
0.0 3
0.129008 0
0.0 3
0.207843 0
0.0 4
0.0 4
0.340781 0
0.0 1
0.0 3
0.0 4
0.0 3
0.0 2
0.0 1
0.0 1
0.0 2
0.0 1
0.0 4
0.0 2
0.0 4
0.0 4
0.0 2
0.0 3
0.0 3
0.0 1
0.0 2
0.0 4
0.0 3
0.0 3
0.0 1
0.0 1
0.0 1
0.0 1
0.0 2
0.216563 0
0.0 3
0.0 1
0.0 4
0.0 3
0.0 1
0.0 1
0.0 2
0.0 0
0.0 0
0.0 2
0.0 4
0.0 0
0.0 4
0.0 3
0.0 3
0.24375 0
0.20625 0
0.0 3
0.0 3
0.0 0
0.0 3
0.0 0
0.0 2
0.0 1
0.0 0
0.0 4
0.0 0
0.0 3
0.0 4
0.0 4
0.0 1
0.0 0
0.0 2
0.0 4
0.0 4
0.0 2
